#UniqueKey Range Scan
102,1,100
102,2,10000
102,3,1000000
#
#NoneUuniqueKey Range Scan
103,1,300
103,2,32400
103,3,3283200
#
#Quantification
104,1,300
104,2,32400
104,3,3283200
105,1,300
105,2,32400
105,3,3283200
#
#Aggregation
106,1,150
106,2,13500
106,3,1296000
107,1,150
107,2,13500
107,3,1296000
108,1,150
108,2,13500
108,3,1296000
#
#Join
1012,1,300,86400
1012,2,32400,86400
1012,3,3283200,86400
2012,1,300,86400
2012,2,32400,86400
2012,3,3283200,86400
1013,1,300,86400
1013,2,32400,86400
1013,3,3283200,86400
2013,1,300,86400
2013,2,32400,86400
2013,3,3283200,86400
#
#Join plus Aggr
1014,1,300,86400
1014,2,32400,86400
1014,3,3283200,86400
2014,1,300,86400
2014,2,32400,86400
2014,3,3283200,86400
1015,1,300,86400
1015,2,32400,86400
1015,3,3283200,86400
2015,1,300,86400
2015,2,32400,86400
2015,3,3283200,86400
#
#Spatial Join
1016,1,300
1016,2,300
1016,3,300
